2
1А класс
7
Помелова Рада
Меледин Геннадий
Фахриев Варфоломей
Вастьянов Алексей
Яльцев Терентий
Ермушина Мария
Москвин Роман
1Б класс
10
Механтьев Ярослав
Веденина Антонина
Бобр Мирослав
Мышелов Владимир
Силина Анастасия
Валуева Анна
Козырева Ольга
Кылымныка Каролина
Бокарёв Максим
Хорошилова Любовь
;2
== 
2
Математика
4
1.09
Тема_1
0
True
2.09
Тема_2
1
True
3.09
Тема_3
0
True
4.09
Тема_4
0
False
Русский язык
3
4.09
Тема_5
0
False
5.09
Тема_6
3
False
6.09
Тема_7
0
True
== 
3
Литература
3
11.09
Тема_8
2
True
12.09
Тема_9
0
True
23.09
Тема_13
3
False
Математика
2
8.09
Тема_11
0
False
15.09
Тема_12
1
True
Русский язык
4
9.09
Тема_10
3
False
10.09
Тема_22
1
True
23.09
Тема_33
2
True
24.09
Тема_42
3
False
;2
2
7

32
2
2
3
3

7
4




4

32


4



2
4


2

4

3


4



3
4




7

6
7
6,33
7,5
4,5
4,5
7
3



3
9
3

3
9

5
3
9
5
5
3
9
6

3
4

5
3

5
4
3
10

5
5
5
5
30
5

4

10
3



3

5

3

5

3

5

3


5
3
5
55

3

5
5
3



3

4
4
3



10


3,5
24
4

5
4
5

10
2


2


2
4
3
2
4
44
2

4
2


2

5
2
4

2

5
2


10


2
3

2,67
2,75
3
2,5
2
10
4




4




4

2


4


3
3
4




4
2

3
3
4
2
3
3
3
4


3

4

2

3
4


2

